{
 "cells": [
  {
   "cell_type": "code",
   "execution_count": 1,
   "metadata": {},
   "outputs": [],
   "source": [
    "from DLstorm.Model import Model\n",
    "from DLstorm.Layers.Initializers import Xavier, He, UniformRandom, Constant\n",
    "from DLstorm.Layers.Conv import Conv2d\n",
    "from DLstorm.Layers.BatchNormalization import BatchNorm2d\n",
    "from DLstorm.Layers.Pooling import MaxPool2d\n",
    "from DLstorm.Layers.Flatten import Flatten\n",
    "from DLstorm.Layers.Dropout import Dropout\n",
    "from DLstorm.Layers.FullyConnected import Linear\n",
    "from DLstorm.Layers.ReLU import ReLU\n",
    "from DLstorm.Layers.SoftMax import SoftMax\n",
    "from DLstorm.Optimization.Loss import CrossEntropyLoss\n",
    "from DLstorm.Optimization.Optimizers import Adam, SgdWithMomentum, Sgd\n",
    "\n",
    "\n",
    "import numpy as np\n",
    "import pandas as pd\n",
    "from sklearn.model_selection import train_test_split"
   ]
  },
  {
   "cell_type": "code",
   "execution_count": 2,
   "metadata": {},
   "outputs": [],
   "source": [
    "input_folder_path = \"Data/\"\n",
    "train_df = pd.read_csv(input_folder_path+\"train.csv\")[:100]\n",
    "test_df = pd.read_csv(input_folder_path+\"test.csv\")\n",
    "\n",
    "train_labels = train_df['label'].values\n",
    "train_images = (train_df.iloc[:, 1:].values).astype('float32')\n",
    "test_images = (test_df.iloc[:, :].values).astype('float32')\n",
    "\n",
    "train_images, val_images, train_labels, val_labels = train_test_split(train_images, train_labels,\n",
    "                                                                      stratify=train_labels, random_state=123,\n",
    "                                                                      test_size=0.20)\n",
    "train_images = train_images.reshape(train_images.shape[0], 28, 28)\n",
    "val_images = val_images.reshape(val_images.shape[0], 28, 28)\n",
    "test_images = test_images.reshape(test_images.shape[0], 28, 28)\n",
    "\n",
    "train_images = train_images/255.0\n",
    "val_images = val_images/255.0\n",
    "test_images = test_images/255.0\n",
    "\n",
    "classes = 10\n",
    "\n",
    "train_images = np.expand_dims(train_images, axis=1)\n",
    "train_labels = train_labels.reshape(-1)\n",
    "train_labels = np.eye(classes)[train_labels]\n",
    "val_images = np.expand_dims(val_images, axis=1)\n",
    "val_labels = val_labels.reshape(-1)\n",
    "val_labels = np.eye(classes)[val_labels]"
   ]
  },
  {
   "cell_type": "code",
   "execution_count": 3,
   "metadata": {},
   "outputs": [],
   "source": [
    "layers = [\n",
    "    Conv2d(in_channels=1, out_channels=4,\n",
    "           kernel_size=3, stride=1, padding='same'),\n",
    "    BatchNorm2d(4),\n",
    "    Dropout(0.3),\n",
    "    ReLU(),\n",
    "    MaxPool2d(kernel_size=2, stride=2),\n",
    "    Conv2d(in_channels=4, out_channels=4,\n",
    "           kernel_size=3, stride=1, padding='same'),\n",
    "    BatchNorm2d(4),\n",
    "    ReLU(),\n",
    "    MaxPool2d(kernel_size=2, stride=2),\n",
    "    \n",
    "    Flatten(),\n",
    "    \n",
    "    Linear(in_features=4*7*7, out_features=32),\n",
    "#     Dropout(0.3),\n",
    "    ReLU(),\n",
    "    Linear(32, 10),\n",
    "    SoftMax(),\n",
    "]\n",
    "\n",
    "model = Model(layers)"
   ]
  },
  {
   "cell_type": "code",
   "execution_count": 4,
   "metadata": {},
   "outputs": [],
   "source": [
    "batch_size = 16\n",
    "model.compile(optimizer=Adam(learning_rate=5e-3, mu=0.98, rho=0.999), loss=CrossEntropyLoss(),\n",
    "              batch_size=batch_size, metrics=['accuracy'])"
   ]
  },
  {
   "cell_type": "code",
   "execution_count": 6,
   "metadata": {},
   "outputs": [
    {
     "name": "stdout",
     "output_type": "stream",
     "text": [
      "Epoch 1: \n",
      "Train loss: 21.52\n",
      "Train accuracy: 0.575\n",
      "Val loss: 31.94\n",
      "Val accuracy: 0.4\n",
      "\n",
      "Epoch 2: \n",
      "Train loss: 19.42\n",
      "Train accuracy: 0.6\n",
      "Val loss: 29.11\n",
      "Val accuracy: 0.45\n",
      "\n",
      "Epoch 3: \n",
      "Train loss: 16.75\n",
      "Train accuracy: 0.75\n",
      "Val loss: 24.31\n",
      "Val accuracy: 0.7\n",
      "\n",
      "Epoch 4: \n",
      "Train loss: 14.01\n",
      "Train accuracy: 0.7125\n",
      "Val loss: 27.98\n",
      "Val accuracy: 0.6\n",
      "\n",
      "Epoch 5: \n",
      "Train loss: 12.94\n",
      "Train accuracy: 0.775\n",
      "Val loss: 28.32\n",
      "Val accuracy: 0.55\n",
      "\n"
     ]
    }
   ],
   "source": [
    "epochs = 5\n",
    "history = model.fit(x_train=train_images, y_train=train_labels,\n",
    "                    x_val=val_images, y_val=val_labels, epochs=epochs)"
   ]
  },
  {
   "cell_type": "code",
   "execution_count": 8,
   "metadata": {},
   "outputs": [
    {
     "data": {
      "text/plain": [
       "{'accuracy': 0.775,\n",
       " 'val_accuracy': 0.55,\n",
       " 'loss': [21.524791147799082,\n",
       "  19.416960395057338,\n",
       "  16.74894981061589,\n",
       "  14.008413746663738,\n",
       "  12.935036054491638],\n",
       " 'predictions': [array([[1.27922945e-01, 1.14496857e-01, 1.08034074e-01, 9.16336338e-02,\n",
       "          1.50029881e-01, 7.66571499e-02, 8.62476926e-02, 5.91567374e-02,\n",
       "          1.08093269e-01, 7.77277604e-02],\n",
       "         [1.13071252e-01, 2.20332378e-02, 1.57309117e-01, 2.42494853e-02,\n",
       "          8.50840541e-02, 1.83196751e-01, 3.66504573e-01, 4.43535096e-02,\n",
       "          7.77169252e-04, 3.42085089e-03],\n",
       "         [1.20857587e-01, 6.98817349e-03, 1.30262369e-02, 7.45016512e-03,\n",
       "          7.70423468e-01, 3.38757693e-02, 1.28475522e-02, 6.18330411e-03,\n",
       "          1.58652332e-02, 1.24825110e-02],\n",
       "         [1.08112584e-01, 1.04648370e-01, 6.81345727e-02, 2.46102194e-01,\n",
       "          1.23741319e-01, 4.35697929e-02, 1.46381587e-01, 8.84431008e-02,\n",
       "          1.52395038e-02, 5.56269755e-02],\n",
       "         [8.88105525e-02, 1.37438444e-01, 2.11829097e-02, 1.76328136e-01,\n",
       "          2.71573666e-02, 5.27530974e-02, 2.68110951e-02, 8.67981947e-02,\n",
       "          1.73851656e-01, 2.08868548e-01],\n",
       "         [3.77076134e-02, 2.07099756e-01, 3.03744606e-01, 1.04684524e-01,\n",
       "          7.73547096e-02, 4.39599268e-02, 6.71118205e-02, 4.75079904e-02,\n",
       "          5.39190679e-02, 5.69099856e-02],\n",
       "         [4.92684852e-02, 4.92360448e-02, 1.30934797e-02, 1.72751685e-01,\n",
       "          6.79191487e-02, 2.06260427e-02, 6.62701299e-03, 3.84170436e-02,\n",
       "          4.74689245e-01, 1.07371813e-01],\n",
       "         [1.25461576e-01, 7.30932361e-02, 6.74784981e-03, 2.77264220e-01,\n",
       "          1.10902408e-01, 4.35166574e-02, 3.24007939e-02, 5.50173033e-02,\n",
       "          1.05915451e-01, 1.69680504e-01],\n",
       "         [1.11079998e-01, 1.22767849e-02, 3.64328407e-01, 1.07859000e-02,\n",
       "          1.22805345e-01, 1.85861244e-01, 1.52064425e-01, 3.07812588e-02,\n",
       "          4.52363595e-03, 5.49300196e-03],\n",
       "         [1.08957449e-01, 4.52219078e-02, 2.23908373e-02, 1.89682176e-01,\n",
       "          2.69583440e-01, 5.53353584e-02, 3.39432692e-02, 7.56717977e-02,\n",
       "          7.81772223e-02, 1.21036542e-01],\n",
       "         [3.84205007e-02, 3.63756126e-02, 3.35427840e-02, 1.03865258e-01,\n",
       "          2.12660513e-01, 7.74926248e-02, 2.86876532e-02, 2.01710793e-01,\n",
       "          1.31166350e-01, 1.36077911e-01],\n",
       "         [1.75182642e-01, 1.35050157e-01, 3.26894281e-02, 1.68754853e-01,\n",
       "          6.33718870e-02, 8.37199728e-02, 2.12842863e-01, 7.38255100e-02,\n",
       "          1.57622977e-02, 3.88003886e-02],\n",
       "         [5.34212855e-02, 4.84718561e-01, 6.22762792e-02, 1.15047424e-01,\n",
       "          6.34665822e-03, 2.29443909e-02, 1.17797087e-01, 3.38378251e-02,\n",
       "          4.40831939e-02, 5.95272958e-02],\n",
       "         [2.99599993e-02, 1.63057785e-01, 2.21284243e-01, 2.95306806e-01,\n",
       "          4.44772678e-02, 6.29692730e-02, 2.27134592e-02, 3.25773194e-02,\n",
       "          1.01444114e-01, 2.62097335e-02],\n",
       "         [5.99061041e-02, 1.41844133e-02, 1.77838431e-01, 1.07386840e-01,\n",
       "          9.96440993e-02, 1.29631128e-01, 2.04095899e-02, 5.80972386e-02,\n",
       "          2.91201508e-01, 4.17006480e-02],\n",
       "         [1.59840905e-01, 1.20879437e-01, 3.03465851e-02, 1.68451921e-01,\n",
       "          1.61705761e-01, 5.92971381e-02, 9.42441699e-02, 9.79888437e-02,\n",
       "          2.17282717e-02, 8.55169672e-02],\n",
       "         [1.86019278e-02, 2.09904650e-02, 1.54036414e-02, 3.31270786e-01,\n",
       "          6.96924284e-02, 2.80999726e-02, 1.58579959e-02, 4.16419988e-01,\n",
       "          2.57722705e-02, 5.78905251e-02],\n",
       "         [5.31592561e-02, 5.60415629e-02, 1.76776800e-03, 1.47120173e-01,\n",
       "          7.10765531e-02, 2.32206359e-02, 1.17058589e-01, 1.25381641e-01,\n",
       "          1.39367338e-01, 2.65806482e-01],\n",
       "         [1.65939054e-02, 1.09226661e-01, 4.72660585e-02, 1.50740847e-01,\n",
       "          8.84073730e-02, 1.68646136e-01, 1.31059771e-01, 5.89050130e-02,\n",
       "          6.28347288e-02, 1.66319506e-01],\n",
       "         [4.05290626e-02, 4.24136746e-02, 1.02581373e-02, 8.54860787e-02,\n",
       "          6.86303271e-02, 4.46918310e-02, 7.63979286e-02, 1.71997726e-01,\n",
       "          1.35536043e-01, 3.24059191e-01],\n",
       "         [1.48321987e-02, 7.10420774e-04, 4.30462302e-04, 5.80370304e-03,\n",
       "          9.44639892e-01, 6.26519881e-03, 4.52035508e-03, 5.68057796e-03,\n",
       "          7.37202895e-03, 9.74516263e-03],\n",
       "         [3.20823005e-02, 2.36569138e-02, 1.21532221e-02, 9.02157266e-02,\n",
       "          1.23393288e-01, 2.73081193e-02, 9.08554034e-02, 2.72298349e-01,\n",
       "          1.09710598e-01, 2.18326079e-01],\n",
       "         [4.33640711e-02, 3.75027354e-01, 2.12827775e-02, 1.78586107e-01,\n",
       "          1.06454555e-02, 2.13607756e-02, 2.05895295e-01, 6.52326539e-02,\n",
       "          1.96786711e-02, 5.89268397e-02],\n",
       "         [3.79772584e-02, 1.59902294e-03, 1.87582128e-02, 1.53257541e-02,\n",
       "          7.19890907e-01, 1.42817381e-01, 1.06371007e-02, 2.35780926e-02,\n",
       "          1.25874185e-02, 1.68288519e-02],\n",
       "         [2.91031121e-01, 1.24218820e-02, 1.15068644e-02, 1.47244852e-02,\n",
       "          3.09202468e-01, 1.37939392e-02, 2.98023009e-01, 5.99853086e-03,\n",
       "          2.76653934e-02, 1.56323071e-02],\n",
       "         [5.65642618e-03, 5.13848415e-02, 6.21196013e-01, 5.78192193e-02,\n",
       "          2.72710211e-03, 1.36544194e-01, 3.29490678e-02, 5.80803722e-02,\n",
       "          2.57142565e-02, 7.92850734e-03],\n",
       "         [2.06359139e-02, 2.55737445e-02, 3.08940771e-03, 5.52414286e-02,\n",
       "          1.19544983e-01, 7.25160281e-02, 1.98978752e-01, 1.38165466e-01,\n",
       "          5.79478963e-02, 3.08306380e-01],\n",
       "         [1.09044935e-02, 5.71833240e-02, 3.12140676e-01, 1.06471262e-01,\n",
       "          2.00184162e-02, 2.12229352e-01, 1.08540982e-01, 1.23926314e-01,\n",
       "          2.49146930e-02, 2.36704878e-02],\n",
       "         [6.32738847e-02, 5.79201666e-03, 1.11455986e-02, 1.05415563e-02,\n",
       "          7.85693833e-01, 6.69645986e-02, 1.73582156e-02, 7.75719308e-03,\n",
       "          7.84930002e-03, 2.36238032e-02],\n",
       "         [6.08702887e-03, 1.10930848e-01, 2.65015163e-01, 2.40783763e-01,\n",
       "          1.19058948e-02, 3.25655716e-02, 3.29080190e-02, 1.77857198e-01,\n",
       "          1.09992219e-01, 1.19542946e-02],\n",
       "         [3.56718585e-02, 5.03219935e-01, 3.61287866e-02, 1.65659691e-01,\n",
       "          7.75343073e-03, 2.13392350e-02, 1.35769807e-01, 3.41144233e-02,\n",
       "          1.23097866e-02, 4.80330467e-02],\n",
       "         [3.03750301e-02, 1.53355707e-02, 3.40188097e-03, 5.86144695e-02,\n",
       "          1.05445757e-01, 3.07715547e-02, 1.10197491e-01, 2.84658728e-01,\n",
       "          6.51219914e-02, 2.96077527e-01],\n",
       "         [1.40166378e-03, 6.16589529e-02, 5.40811600e-02, 8.97983428e-02,\n",
       "          2.69380882e-03, 2.22726135e-02, 1.89995593e-02, 7.43688567e-02,\n",
       "          6.39900333e-01, 3.48247090e-02],\n",
       "         [7.68989783e-03, 1.45719494e-02, 1.52721087e-02, 1.71942914e-01,\n",
       "          4.37273975e-02, 1.19277612e-01, 4.56987864e-02, 3.00587017e-01,\n",
       "          1.85122735e-01, 9.61095823e-02],\n",
       "         [1.36214895e-02, 8.47534502e-03, 2.90254675e-02, 8.56554070e-02,\n",
       "          5.60641109e-02, 1.37470328e-01, 9.74811651e-03, 1.18170605e-01,\n",
       "          2.85176224e-01, 2.56592906e-01],\n",
       "         [1.14459651e-02, 1.26515598e-02, 5.90447157e-03, 1.27944918e-01,\n",
       "          8.45514749e-02, 1.65216448e-02, 3.13707673e-02, 5.94649358e-01,\n",
       "          3.68889490e-02, 7.80708916e-02],\n",
       "         [7.98728893e-02, 7.78911270e-03, 5.44805680e-02, 4.13238881e-02,\n",
       "          3.36802609e-01, 6.38851429e-02, 7.61239455e-03, 6.95205546e-02,\n",
       "          2.16341904e-01, 1.22370936e-01],\n",
       "         [7.74277081e-02, 5.67269571e-03, 7.57341873e-03, 5.68744009e-02,\n",
       "          4.76573498e-01, 1.52119390e-02, 5.73418239e-02, 1.37961556e-01,\n",
       "          7.57532865e-02, 8.96096725e-02],\n",
       "         [1.03829559e-02, 3.00270992e-01, 2.49341138e-02, 1.97902779e-01,\n",
       "          4.35595688e-03, 1.72792042e-02, 1.36831133e-01, 1.08806494e-01,\n",
       "          1.29771059e-01, 6.94653131e-02],\n",
       "         [1.59251991e-02, 2.04715461e-02, 4.91248107e-03, 5.69963261e-01,\n",
       "          5.62715287e-02, 6.68124354e-02, 4.44454787e-03, 4.88219194e-02,\n",
       "          1.02111525e-01, 1.10265557e-01],\n",
       "         [1.31631934e-01, 1.78835894e-02, 2.74742183e-02, 1.79272072e-01,\n",
       "          2.85451559e-01, 1.24118222e-01, 4.32674298e-02, 2.01539553e-02,\n",
       "          1.37538030e-01, 3.32089897e-02],\n",
       "         [1.17307467e-02, 2.71450169e-01, 3.10554139e-02, 1.68621422e-01,\n",
       "          4.55520009e-03, 1.26877638e-02, 1.48272367e-01, 1.17405996e-01,\n",
       "          1.72393850e-01, 6.18270707e-02],\n",
       "         [3.46334118e-03, 2.83898238e-01, 1.97766001e-01, 7.29641212e-02,\n",
       "          1.38130082e-03, 3.39033199e-02, 2.41470543e-01, 2.69410557e-02,\n",
       "          1.11218623e-01, 2.69934553e-02],\n",
       "         [5.68527302e-03, 3.12473320e-02, 2.90700512e-02, 1.51889725e-01,\n",
       "          2.46871351e-02, 2.10160080e-02, 1.41005207e-01, 4.30498719e-01,\n",
       "          9.51715422e-02, 6.97290073e-02],\n",
       "         [1.17367050e-02, 3.69746785e-02, 1.39963227e-02, 1.32070622e-01,\n",
       "          1.94595185e-02, 9.57200905e-03, 6.55461302e-02, 4.30756189e-01,\n",
       "          1.37249801e-01, 1.42638024e-01],\n",
       "         [4.27125655e-01, 1.05206425e-03, 1.83825428e-02, 1.00563420e-02,\n",
       "          4.06023008e-01, 5.58848964e-02, 5.91902552e-02, 1.40321988e-02,\n",
       "          5.38281009e-03, 2.87022779e-03],\n",
       "         [1.48506984e-02, 2.93991366e-02, 1.46130730e-02, 1.58097456e-01,\n",
       "          1.95064063e-02, 2.50030392e-02, 3.64223774e-02, 3.46443855e-01,\n",
       "          2.43453895e-01, 1.12210064e-01],\n",
       "         [2.05545546e-02, 3.27080132e-02, 2.93464290e-01, 7.04372619e-02,\n",
       "          9.03085188e-02, 9.09375347e-02, 5.51375203e-02, 1.55793685e-01,\n",
       "          1.78792764e-01, 1.18658578e-02],\n",
       "         [1.71855012e-01, 3.28370705e-02, 6.70170670e-02, 1.53767024e-02,\n",
       "          1.91760013e-01, 1.94725420e-01, 2.90554435e-01, 1.88985829e-02,\n",
       "          5.51518461e-03, 1.14605129e-02],\n",
       "         [1.63623749e-02, 2.60979832e-01, 1.19886092e-01, 1.65801295e-01,\n",
       "          1.94832605e-02, 5.59858474e-02, 1.39100332e-01, 8.93564260e-02,\n",
       "          5.41383574e-02, 7.89061823e-02],\n",
       "         [1.24955464e-02, 6.35781185e-02, 2.54831863e-02, 1.80790390e-01,\n",
       "          3.61881501e-02, 1.27033461e-02, 9.14065799e-02, 3.79373171e-01,\n",
       "          9.67817400e-02, 1.01199772e-01],\n",
       "         [2.04238476e-02, 5.41058810e-02, 1.92445102e-01, 3.80794837e-02,\n",
       "          1.94058758e-02, 3.22181900e-01, 2.84250587e-01, 4.25873474e-02,\n",
       "          4.48818315e-03, 2.20317925e-02],\n",
       "         [1.36281833e-03, 6.07567531e-02, 6.18648343e-02, 1.47993554e-02,\n",
       "          1.48731906e-03, 6.05831976e-02, 7.73051435e-01, 9.74756657e-03,\n",
       "          1.96325583e-03, 1.43834652e-02],\n",
       "         [3.24993399e-02, 2.61463925e-03, 1.17790419e-02, 5.44772190e-02,\n",
       "          6.75763421e-01, 2.70173511e-02, 1.00171017e-02, 1.48178633e-01,\n",
       "          1.51797133e-02, 2.24735399e-02],\n",
       "         [1.48073951e-01, 2.88648877e-02, 5.04581313e-02, 4.64509305e-02,\n",
       "          2.17188998e-01, 2.87542300e-01, 1.33007417e-01, 3.98987492e-02,\n",
       "          1.49274933e-02, 3.35871418e-02],\n",
       "         [2.13430640e-02, 5.07456733e-01, 1.51093406e-02, 1.49739759e-01,\n",
       "          1.51590969e-03, 2.05978574e-02, 1.79954002e-01, 2.65937458e-02,\n",
       "          4.26785778e-02, 3.50110105e-02],\n",
       "         [9.70157987e-02, 2.67934270e-03, 8.02416810e-02, 2.38713478e-02,\n",
       "          1.76939789e-01, 1.59880271e-01, 3.36706742e-01, 1.03268870e-01,\n",
       "          1.02860251e-02, 9.11013328e-03],\n",
       "         [2.93557710e-02, 3.73207407e-02, 1.67602134e-02, 1.69109070e-01,\n",
       "          6.57143300e-02, 4.02234621e-01, 6.25967549e-02, 4.55407599e-02,\n",
       "          7.59993998e-03, 1.63767799e-01],\n",
       "         [1.07402596e-01, 5.04027696e-04, 3.45204858e-02, 1.04038166e-02,\n",
       "          7.29550468e-01, 7.71152107e-02, 1.38795271e-02, 1.69583236e-02,\n",
       "          6.31922742e-03, 3.34631710e-03],\n",
       "         [1.67713093e-02, 7.00478031e-02, 7.19097104e-02, 2.54820524e-01,\n",
       "          1.59215541e-01, 7.32517475e-02, 2.67917626e-02, 5.31345908e-02,\n",
       "          2.06103610e-01, 6.79534018e-02],\n",
       "         [1.36804157e-03, 3.35632053e-02, 4.23297806e-03, 2.28409668e-02,\n",
       "          2.97046342e-03, 6.66886116e-02, 8.03797297e-01, 4.80764899e-02,\n",
       "          1.41524986e-03, 1.50466963e-02],\n",
       "         [7.99106931e-02, 9.03806462e-02, 8.99384713e-02, 2.39222018e-01,\n",
       "          5.43365155e-02, 1.47601716e-01, 1.10496709e-01, 1.29356506e-01,\n",
       "          5.28524259e-03, 5.34714826e-02],\n",
       "         [1.41814207e-02, 4.45660847e-01, 1.73063569e-02, 1.81545126e-01,\n",
       "          4.29892663e-03, 1.73885800e-02, 2.10282202e-01, 4.60384861e-02,\n",
       "          1.17524996e-02, 5.15455549e-02],\n",
       "         [3.83589357e-02, 4.50876441e-04, 5.71451212e-03, 4.08606909e-03,\n",
       "          9.21210708e-01, 1.95427710e-02, 2.76434993e-03, 4.11445396e-03,\n",
       "          1.85865428e-03, 1.89866939e-03],\n",
       "         [2.79303324e-03, 4.93395402e-03, 1.80746404e-03, 4.27717648e-02,\n",
       "          4.96242145e-03, 4.13471778e-03, 5.95338886e-02, 7.95208586e-01,\n",
       "          3.21792422e-02, 5.16749278e-02],\n",
       "         [1.53567367e-02, 1.85856856e-02, 3.00770741e-01, 3.85322046e-02,\n",
       "          4.56055235e-02, 1.05073342e-01, 1.77852744e-02, 1.68639362e-02,\n",
       "          4.00018767e-01, 4.14077889e-02],\n",
       "         [1.66786762e-02, 4.41892729e-04, 3.03355546e-03, 6.17045295e-03,\n",
       "          9.42977405e-01, 1.31542834e-02, 2.98053372e-03, 5.15133612e-03,\n",
       "          1.43160452e-03, 7.98026033e-03],\n",
       "         [8.20997886e-03, 5.98642467e-02, 3.54125097e-01, 4.17644552e-02,\n",
       "          4.24488863e-03, 9.15394579e-02, 3.93557645e-01, 3.76530217e-02,\n",
       "          4.09700246e-03, 4.94420724e-03],\n",
       "         [5.31677743e-03, 2.85761031e-01, 3.90677163e-02, 4.27329215e-02,\n",
       "          3.88089035e-03, 3.61422835e-02, 5.39824026e-01, 1.30250574e-02,\n",
       "          3.65445619e-03, 3.05948399e-02],\n",
       "         [1.51899725e-02, 3.15366218e-01, 2.78075857e-02, 1.54410295e-01,\n",
       "          8.77780559e-03, 4.70441844e-02, 2.50917789e-01, 4.67845748e-02,\n",
       "          2.27192425e-02, 1.10982333e-01],\n",
       "         [4.39548351e-02, 7.91083427e-02, 1.53499531e-02, 1.17069168e-01,\n",
       "          2.30356429e-01, 1.97185262e-02, 9.66150952e-02, 1.94326365e-01,\n",
       "          4.15593111e-02, 1.61941975e-01],\n",
       "         [1.64620069e-02, 3.02742977e-01, 1.55719582e-01, 1.06701452e-01,\n",
       "          7.88661992e-03, 3.58111332e-02, 9.04134932e-02, 6.56589351e-02,\n",
       "          1.75678632e-01, 4.29251690e-02],\n",
       "         [1.26723896e-02, 5.00607076e-01, 3.41258124e-02, 9.65140234e-02,\n",
       "          3.56728418e-03, 1.96428610e-02, 2.60707783e-01, 2.03709284e-02,\n",
       "          1.33265852e-02, 3.84652571e-02],\n",
       "         [3.58708400e-01, 1.25149323e-03, 2.58087293e-02, 1.01600958e-02,\n",
       "          4.20362457e-01, 7.78699280e-02, 5.91779976e-02, 3.77013295e-02,\n",
       "          5.53492165e-03, 3.42464838e-03],\n",
       "         [3.06026237e-02, 2.25823493e-02, 1.47110910e-02, 1.40558045e-01,\n",
       "          1.07037278e-01, 2.84704764e-02, 7.84540038e-02, 4.08894712e-01,\n",
       "          5.15615279e-02, 1.17127893e-01],\n",
       "         [5.61801534e-02, 9.96156527e-02, 9.79076740e-02, 1.09866460e-01,\n",
       "          1.62233308e-01, 1.43819710e-01, 1.36891832e-01, 7.09142575e-02,\n",
       "          3.72700608e-02, 8.53008915e-02],\n",
       "         [2.05741688e-01, 2.94073796e-03, 2.10728104e-02, 9.17712379e-03,\n",
       "          3.28809046e-01, 2.76337189e-01, 1.23344654e-01, 1.60882233e-02,\n",
       "          6.01374642e-03, 1.04747808e-02],\n",
       "         [1.19399335e-01, 4.03410297e-03, 1.94991842e-02, 1.88269876e-02,\n",
       "          8.40038360e-02, 2.41519953e-02, 6.11523625e-01, 1.06614656e-01,\n",
       "          3.36968913e-03, 8.57658864e-03],\n",
       "         [3.50736684e-03, 2.38274080e-01, 1.33048974e-02, 1.31190025e-01,\n",
       "          3.13335782e-03, 4.73437109e-02, 4.10575072e-01, 4.61074441e-02,\n",
       "          3.85278401e-03, 1.02711262e-01],\n",
       "         [3.72167966e-02, 8.07500850e-03, 8.55439511e-03, 5.79844715e-02,\n",
       "          6.92936640e-01, 3.70033176e-02, 2.19138855e-03, 3.09114209e-02,\n",
       "          4.94664251e-02, 7.56601364e-02]]),\n",
       "  array([[6.60288227e-03, 8.41478494e-02, 3.92015601e-02, 8.53523236e-02,\n",
       "          4.33221771e-03, 2.01669701e-01, 4.20129508e-01, 9.87415934e-02,\n",
       "          1.53406671e-02, 4.44816980e-02],\n",
       "         [9.30892680e-03, 4.38516209e-03, 4.95750630e-02, 7.23291772e-03,\n",
       "          9.40380073e-03, 3.84486132e-01, 5.10428836e-01, 2.08418951e-02,\n",
       "          2.17412588e-04, 4.11985391e-03],\n",
       "         [5.46531420e-02, 1.01495713e-02, 3.67945542e-02, 8.71250983e-03,\n",
       "          5.84047718e-01, 1.59572175e-01, 8.92752402e-02, 6.06858803e-03,\n",
       "          2.89214905e-02, 2.18050109e-02],\n",
       "         [1.49320467e-02, 1.08609004e-01, 5.20599213e-02, 1.71367602e-01,\n",
       "          4.29345367e-03, 1.29692509e-01, 4.09991505e-01, 8.65896172e-02,\n",
       "          4.38423679e-03, 1.80801043e-02],\n",
       "         [6.25963056e-03, 9.29347467e-02, 5.59747184e-02, 1.20308425e-01,\n",
       "          2.56243131e-03, 5.11667741e-02, 1.61984467e-02, 1.01842559e-01,\n",
       "          4.83973237e-01, 6.87790313e-02],\n",
       "         [2.09349964e-02, 3.22318333e-02, 6.30399927e-01, 5.58215996e-02,\n",
       "          2.00212154e-02, 8.52178587e-02, 3.46697971e-02, 9.74234578e-02,\n",
       "          1.46129900e-02, 8.66632502e-03],\n",
       "         [9.29618898e-03, 8.80322537e-02, 1.08178874e-02, 2.76115381e-01,\n",
       "          1.12627039e-02, 3.06045244e-02, 1.07958599e-01, 1.04720355e-02,\n",
       "          3.88122768e-01, 6.73176584e-02],\n",
       "         [9.61760278e-02, 2.64296427e-02, 1.28408437e-02, 2.19590149e-01,\n",
       "          1.56698317e-01, 7.02737898e-02, 2.13481889e-02, 6.23828028e-02,\n",
       "          8.91181820e-02, 2.45142056e-01],\n",
       "         [1.72726701e-02, 4.14262195e-03, 3.36569200e-01, 8.65082149e-03,\n",
       "          3.02759181e-02, 5.13577950e-01, 6.07977463e-02, 1.68890787e-02,\n",
       "          2.72131686e-03, 9.10267646e-03],\n",
       "         [2.63951557e-02, 9.53329933e-02, 4.57589478e-03, 3.29833143e-01,\n",
       "          4.62904335e-02, 4.06979933e-02, 4.87316946e-02, 7.93849710e-02,\n",
       "          9.30033370e-02, 2.35754383e-01],\n",
       "         [8.29003225e-03, 2.85533901e-02, 1.91379018e-02, 1.62251234e-01,\n",
       "          5.95284241e-02, 2.34313249e-02, 1.92258531e-02, 5.42880308e-01,\n",
       "          4.31303685e-02, 9.35711627e-02],\n",
       "         [5.89871043e-02, 5.60714606e-02, 2.88537096e-01, 1.12058167e-01,\n",
       "          6.87518595e-03, 2.08630571e-01, 1.08710666e-01, 8.75091452e-02,\n",
       "          5.04693256e-02, 2.21512788e-02],\n",
       "         [2.11129291e-02, 4.32833611e-01, 2.29107930e-01, 9.09961638e-02,\n",
       "          1.59057227e-02, 1.95160925e-02, 7.65638561e-02, 3.59167147e-02,\n",
       "          4.73200209e-02, 3.07269595e-02],\n",
       "         [6.32368049e-03, 7.54338804e-02, 3.32146884e-01, 1.26711611e-01,\n",
       "          9.96774359e-03, 1.58667828e-01, 2.69376452e-02, 1.21899534e-01,\n",
       "          1.20569767e-01, 2.13414270e-02],\n",
       "         [5.39903778e-03, 3.99851234e-02, 3.66535055e-01, 4.77753500e-02,\n",
       "          3.03845027e-03, 3.63550122e-01, 6.02731905e-02, 4.34540622e-02,\n",
       "          2.98247239e-02, 4.01648848e-02],\n",
       "         [2.29547205e-02, 5.82743595e-02, 6.00793996e-03, 2.28862311e-01,\n",
       "          1.46538390e-02, 1.01282742e-01, 1.19378895e-01, 1.53231867e-01,\n",
       "          6.11315092e-02, 2.34221817e-01],\n",
       "         [1.72808804e-02, 1.95144517e-01, 6.06115550e-02, 4.46134292e-01,\n",
       "          4.27359149e-02, 4.45218537e-02, 1.22302377e-02, 9.66331717e-02,\n",
       "          2.35071655e-02, 6.12004116e-02],\n",
       "         [3.48425181e-02, 2.76516797e-02, 1.06300236e-02, 1.79623291e-01,\n",
       "          8.52014920e-02, 4.23364047e-02, 3.09218019e-02, 1.21645366e-01,\n",
       "          2.53454447e-01, 2.13692976e-01],\n",
       "         [9.07665922e-03, 1.15958398e-02, 7.37766105e-02, 5.16599813e-02,\n",
       "          8.50784986e-02, 6.26646426e-01, 6.31565668e-02, 8.74807951e-03,\n",
       "          1.54204068e-02, 5.48409317e-02],\n",
       "         [3.98919772e-02, 8.00776161e-02, 1.11116536e-02, 2.62760346e-01,\n",
       "          6.20912964e-02, 4.20713217e-02, 2.14867707e-02, 1.33573982e-01,\n",
       "          1.18645126e-01, 2.28289910e-01],\n",
       "         [8.15860507e-02, 2.09834964e-03, 1.97383408e-02, 2.08408963e-02,\n",
       "          6.45553559e-01, 1.46635918e-01, 3.55176053e-02, 2.36035484e-02,\n",
       "          8.00313584e-03, 1.64225954e-02],\n",
       "         [2.48490005e-02, 2.45634073e-02, 3.85015723e-02, 1.82476928e-01,\n",
       "          1.03793049e-01, 6.74503200e-02, 2.46246009e-02, 2.18118009e-01,\n",
       "          1.87408157e-01, 1.28214956e-01],\n",
       "         [1.74995770e-02, 3.48187440e-01, 2.49841351e-02, 1.40626804e-01,\n",
       "          6.36174913e-03, 3.35142417e-02, 2.72272140e-01, 4.62287931e-02,\n",
       "          2.94797739e-02, 8.08453465e-02],\n",
       "         [3.93999920e-02, 5.92104338e-03, 3.73088496e-02, 7.97216829e-02,\n",
       "          4.11907555e-01, 1.89993097e-01, 6.31818672e-02, 8.36077230e-02,\n",
       "          2.15963499e-02, 6.73618405e-02],\n",
       "         [3.66301527e-01, 3.76629930e-02, 3.43030658e-03, 8.71311800e-02,\n",
       "          1.93911328e-01, 2.91057702e-02, 1.26244960e-01, 7.75826710e-03,\n",
       "          2.47170753e-02, 1.23736592e-01],\n",
       "         [6.37086258e-03, 9.69265148e-02, 6.62006430e-01, 4.92853676e-02,\n",
       "          2.69824019e-03, 1.03607627e-01, 3.25065136e-02, 1.77052513e-02,\n",
       "          2.21535900e-02, 6.73960328e-03],\n",
       "         [3.51667436e-02, 2.59709191e-02, 1.22798217e-02, 1.76010107e-01,\n",
       "          1.80458874e-01, 5.07766928e-02, 5.70478806e-02, 2.04230424e-01,\n",
       "          6.36194100e-02, 1.94439128e-01],\n",
       "         [2.56362164e-02, 2.47893278e-02, 6.40123827e-01, 6.26436549e-02,\n",
       "          3.13249535e-02, 1.14850224e-01, 1.87345163e-02, 6.33450264e-02,\n",
       "          8.46685875e-03, 1.00853948e-02],\n",
       "         [8.80530527e-02, 4.53970150e-03, 6.45119343e-02, 3.83387591e-02,\n",
       "          5.18312929e-01, 1.38484816e-01, 9.31672914e-02, 2.00870425e-02,\n",
       "          1.40973702e-02, 2.04071035e-02],\n",
       "         [1.76487385e-03, 1.56045389e-01, 6.25954817e-01, 7.72832746e-02,\n",
       "          4.31310047e-03, 3.86574225e-02, 1.18919856e-02, 2.78029754e-02,\n",
       "          4.81132964e-02, 8.17286491e-03],\n",
       "         [1.31346847e-02, 5.56798874e-01, 6.11525961e-02, 9.95309037e-02,\n",
       "          2.83836176e-03, 2.34292371e-02, 1.58932426e-01, 2.14772440e-02,\n",
       "          1.74449842e-02, 4.52606877e-02],\n",
       "         [3.84654980e-02, 2.54949275e-02, 2.43709618e-02, 8.34249140e-02,\n",
       "          1.77655532e-01, 3.57889178e-02, 4.86557192e-02, 1.72690376e-01,\n",
       "          2.07869412e-01, 1.85583742e-01],\n",
       "         [2.95880484e-03, 4.91027633e-02, 5.72133209e-02, 2.92025519e-01,\n",
       "          9.62648489e-03, 9.44280006e-02, 1.02047905e-02, 7.87101077e-02,\n",
       "          3.43288315e-01, 6.24418934e-02],\n",
       "         [7.33425830e-04, 7.61993729e-03, 8.57187906e-03, 1.84678697e-01,\n",
       "          9.36433254e-03, 3.29735469e-01, 5.75601902e-02, 2.13395262e-01,\n",
       "          7.19078814e-02, 1.16432926e-01],\n",
       "         [8.79920266e-03, 1.29892900e-02, 3.24330162e-02, 1.53096081e-01,\n",
       "          1.56851013e-01, 1.33898020e-01, 5.07658027e-03, 1.77969611e-01,\n",
       "          1.29099377e-01, 1.89787809e-01],\n",
       "         [1.36055751e-02, 4.01957860e-02, 6.31782450e-03, 1.53015406e-01,\n",
       "          7.08607202e-02, 1.96456508e-02, 3.89767658e-02, 3.83851886e-01,\n",
       "          7.12050406e-02, 2.02325345e-01],\n",
       "         [1.41056398e-02, 1.08940692e-02, 1.83789673e-02, 5.79934617e-02,\n",
       "          9.34601127e-02, 2.26164026e-02, 1.17502299e-02, 1.81157860e-01,\n",
       "          2.98356530e-01, 2.91286726e-01],\n",
       "         [1.45517973e-02, 1.77303291e-03, 1.44087911e-03, 1.81957176e-02,\n",
       "          7.47535847e-01, 2.09382651e-02, 1.29263102e-02, 2.60025605e-02,\n",
       "          3.03002287e-02, 1.26335361e-01],\n",
       "         [9.08719067e-03, 3.07645908e-01, 8.74752540e-03, 1.71529803e-01,\n",
       "          3.36802568e-03, 2.09594090e-02, 2.77642448e-01, 6.30019236e-02,\n",
       "          2.98079285e-02, 1.08209838e-01],\n",
       "         [4.40168135e-02, 4.12098313e-02, 8.64115845e-03, 5.71015125e-01,\n",
       "          2.24690561e-02, 1.91835833e-01, 6.57405987e-03, 2.52774023e-02,\n",
       "          3.26107216e-02, 5.63499981e-02],\n",
       "         [3.04568173e-01, 8.26451821e-04, 5.76582734e-03, 1.97301196e-02,\n",
       "          3.06337191e-01, 2.88307514e-01, 6.59833348e-02, 1.64827052e-03,\n",
       "          2.41141771e-03, 4.42170009e-03],\n",
       "         [4.59085704e-02, 4.67716002e-01, 6.92162182e-02, 1.03933361e-01,\n",
       "          6.84173124e-03, 3.25299360e-02, 1.48444685e-01, 2.74610142e-02,\n",
       "          3.44636095e-02, 6.34848726e-02],\n",
       "         [7.69010645e-03, 1.51057306e-01, 3.16324454e-01, 1.02138350e-01,\n",
       "          9.19712172e-03, 1.22420360e-01, 1.99689739e-01, 9.86548127e-03,\n",
       "          3.57001673e-02, 4.59169140e-02],\n",
       "         [3.03351340e-03, 1.13600184e-01, 1.02363489e-02, 4.34340403e-01,\n",
       "          8.11394062e-03, 2.97975171e-02, 8.01517158e-02, 1.88495773e-01,\n",
       "          1.81704636e-02, 1.14060141e-01],\n",
       "         [3.74926944e-03, 8.49073733e-03, 6.52849641e-03, 1.12429296e-01,\n",
       "          1.74318868e-02, 9.00231311e-03, 2.35280477e-02, 7.26931249e-01,\n",
       "          3.35571664e-02, 5.83515379e-02],\n",
       "         [5.46448247e-01, 7.85180161e-03, 2.31090922e-02, 2.82513572e-02,\n",
       "          5.29918744e-02, 2.60627815e-01, 7.25110059e-02, 3.24279145e-03,\n",
       "          4.00641978e-04, 4.56537310e-03],\n",
       "         [2.99363342e-03, 1.51205217e-02, 8.05531890e-03, 1.46552644e-01,\n",
       "          2.53196329e-02, 2.71429189e-02, 2.05774594e-02, 4.75521806e-01,\n",
       "          1.12295609e-01, 1.66420456e-01],\n",
       "         [3.00912646e-02, 1.08045627e-02, 3.24920243e-01, 6.12962642e-02,\n",
       "          6.77766479e-02, 3.48359234e-01, 5.06084856e-02, 8.91520453e-02,\n",
       "          6.51717912e-03, 1.04740743e-02],\n",
       "         [9.15831748e-02, 6.07354548e-04, 6.22810657e-03, 5.19264895e-03,\n",
       "          1.91407079e-02, 8.76671769e-02, 7.85164859e-01, 3.37511078e-03,\n",
       "          2.00476314e-04, 8.40383998e-04],\n",
       "         [2.82215391e-02, 5.27636047e-01, 1.08485437e-01, 1.16427667e-01,\n",
       "          5.04015859e-03, 1.33195140e-02, 1.27457543e-01, 2.49710628e-02,\n",
       "          1.85804763e-02, 2.98605547e-02],\n",
       "         [2.37553965e-02, 3.58056569e-02, 9.69164376e-02, 1.95871629e-01,\n",
       "          9.11565783e-02, 4.10604705e-02, 1.88124156e-02, 3.15438002e-01,\n",
       "          5.93382683e-02, 1.21845145e-01],\n",
       "         [2.88498964e-02, 4.21095247e-02, 3.38783055e-01, 8.72502208e-02,\n",
       "          4.29442077e-02, 2.28737954e-01, 1.32664470e-01, 7.08367425e-02,\n",
       "          7.67887731e-03, 2.01450517e-02],\n",
       "         [7.45681686e-03, 3.66786470e-02, 8.76116753e-02, 1.07893185e-02,\n",
       "          2.16188277e-03, 3.27342298e-02, 8.17316885e-01, 3.38715074e-03,\n",
       "          2.16871594e-04, 1.64652235e-03],\n",
       "         [2.72204300e-02, 4.37289315e-03, 7.80089652e-03, 5.87871426e-02,\n",
       "          5.90336126e-01, 3.07924044e-02, 2.40472948e-02, 9.38087255e-02,\n",
       "          6.34037496e-02, 9.94303369e-02],\n",
       "         [1.40592562e-01, 1.87009388e-02, 1.09666980e-03, 1.37715769e-01,\n",
       "          1.05237227e-02, 1.09572745e-01, 5.69722779e-01, 3.21978019e-03,\n",
       "          5.02374589e-04, 8.35265926e-03],\n",
       "         [8.76441303e-03, 7.37384540e-01, 1.48986210e-02, 9.72368571e-02,\n",
       "          2.96064451e-04, 7.21904687e-03, 1.14766756e-01, 4.42942678e-03,\n",
       "          1.70693396e-03, 1.32973415e-02],\n",
       "         [2.89525529e-02, 1.09696664e-02, 1.43469927e-01, 7.25129669e-02,\n",
       "          2.09380404e-01, 3.34617386e-01, 7.26909298e-02, 4.04166199e-02,\n",
       "          4.23310609e-02, 4.46584860e-02],\n",
       "         [1.60396826e-02, 1.58634564e-02, 5.08118520e-03, 1.18040517e-01,\n",
       "          2.27645185e-03, 3.96318692e-01, 4.12312995e-01, 1.14558900e-02,\n",
       "          7.41641743e-04, 2.18694885e-02],\n",
       "         [2.85737299e-01, 1.77220449e-03, 2.84003934e-02, 3.16029234e-02,\n",
       "          2.75228175e-01, 2.41763243e-01, 1.04947249e-01, 2.25264745e-02,\n",
       "          9.25484470e-04, 7.09655334e-03],\n",
       "         [8.86239383e-03, 4.50594606e-02, 1.69951425e-03, 4.53617263e-01,\n",
       "          1.28961314e-02, 3.78951699e-02, 3.82476290e-02, 1.45108398e-02,\n",
       "          2.29736550e-01, 1.57475048e-01],\n",
       "         [1.90161798e-03, 3.15754868e-02, 3.59795533e-03, 2.52782345e-02,\n",
       "          6.03406072e-04, 1.26155345e-02, 8.99186526e-01, 1.68700953e-02,\n",
       "          1.98444859e-04, 8.17269830e-03],\n",
       "         [8.21304738e-02, 2.08581646e-01, 1.37088648e-02, 4.60798682e-01,\n",
       "          4.81579545e-03, 7.59315421e-02, 1.01894349e-01, 2.86442881e-02,\n",
       "          4.73268253e-04, 2.30210900e-02],\n",
       "         [7.96767474e-03, 5.64812639e-01, 5.33358371e-03, 1.65997956e-01,\n",
       "          6.28272410e-04, 8.50015685e-03, 1.86413386e-01, 1.71249724e-02,\n",
       "          5.89476828e-03, 3.73265903e-02],\n",
       "         [4.74942141e-03, 3.53027930e-05, 3.50346041e-04, 2.36776578e-03,\n",
       "          9.84245971e-01, 3.75700073e-03, 6.38215784e-04, 1.12074522e-03,\n",
       "          1.61725301e-03, 1.11797788e-03],\n",
       "         [2.94359172e-03, 9.03484527e-03, 2.08060151e-03, 1.18180589e-01,\n",
       "          1.95095875e-02, 1.09047648e-02, 2.73218985e-02, 5.86520526e-01,\n",
       "          1.02934416e-01, 1.20569179e-01],\n",
       "         [4.16743147e-02, 1.64619170e-02, 7.02788433e-02, 1.35731049e-01,\n",
       "          3.84121006e-02, 3.96188287e-01, 3.48527601e-02, 5.40677560e-03,\n",
       "          1.78018532e-01, 8.29754211e-02],\n",
       "         [7.49614345e-03, 1.26943222e-04, 6.95796432e-04, 5.16369180e-04,\n",
       "          9.23937765e-01, 5.46183270e-02, 4.51265677e-03, 7.59979904e-05,\n",
       "          3.08282697e-03, 4.93717378e-03],\n",
       "         [4.80744155e-03, 1.20409846e-01, 6.29385561e-01, 2.03002328e-02,\n",
       "          3.74665156e-03, 5.97492621e-02, 1.40996628e-01, 1.14034208e-02,\n",
       "          7.38739508e-03, 1.81356109e-03],\n",
       "         [3.82033783e-03, 1.36064589e-01, 9.61849811e-03, 9.21606842e-02,\n",
       "          9.04626693e-03, 6.90295828e-02, 4.32839041e-01, 6.52863035e-02,\n",
       "          1.45860447e-02, 1.67548652e-01],\n",
       "         [7.59961822e-03, 4.11487309e-01, 5.09480879e-02, 1.59188335e-01,\n",
       "          8.12261660e-03, 6.37910348e-02, 1.44063580e-01, 3.04060005e-02,\n",
       "          2.04771271e-02, 1.03916292e-01],\n",
       "         [6.95408140e-02, 3.59992208e-02, 2.25362291e-02, 8.28235268e-02,\n",
       "          2.97568460e-01, 3.02120503e-02, 1.52946199e-01, 1.50320790e-01,\n",
       "          1.54851543e-02, 1.42567556e-01],\n",
       "         [1.11777166e-02, 5.76612659e-01, 9.38288094e-02, 3.94325684e-02,\n",
       "          7.08455070e-04, 1.99221508e-02, 2.30683867e-01, 5.72717970e-03,\n",
       "          6.16464955e-03, 1.57419448e-02],\n",
       "         [1.86566289e-02, 5.75924797e-01, 8.97498670e-03, 1.24060984e-01,\n",
       "          1.25985371e-03, 1.17333265e-02, 2.24583562e-01, 1.18232454e-02,\n",
       "          1.80091949e-03, 2.11816965e-02],\n",
       "         [6.21196533e-01, 3.81582580e-04, 9.74007513e-03, 6.78515838e-03,\n",
